                     CLIMATOLOGICAL SUMMARY for year 2015


NAME: Rowsley, Victoria, AU                  
ELEV: 276 meter    LAT: 37-42.21 S    LONG: 144-22.31 E


                                       TEMPERATURE (°C)

                              HEAT    COOL                              MAX    MAX    MIN    MIN
          MEAN   MEAN         DEG     DEG                                >=     <=     <=     <=
 YR  MO   MAX    MIN    MEAN  DAYS    DAYS      HI  DAY     LOW  DAY     30      0      0    -20
------------------------------------------------------------------------------------------------
2015 01   26.0   13.4   19.2   37.8   64.2    39.3   07     8.6   26      6      0      0      0
2015 02   27.3   15.1   20.2   16.6   69.5    36.8   21    11.8   05      9      0      0      0
2015 03   23.7   11.3   16.5   69.4   11.9    32.8   19     8.0   26      2      0      0      0
2015 04   17.8    9.5   13.1  163.7    5.2    28.0   01     6.2   13      0      0      0      0
2015 05   15.2    8.4   11.6  210.1    0.0    20.8   02     3.3   24      0      0      0      0
2015 06   12.6    6.7    9.4  269.2    0.0    16.8   15     2.3   01      0      0      0      0
2015 07   11.5    5.4    8.2  252.5    0.0    15.1   10     0.9   19      0      0      0      0
2015 08   12.5    6.2    9.2  279.0    0.0    17.9   21     3.0   18      0      0      0      0
2015 09   16.1    7.5   11.3  211.8    2.6    25.7   14     1.3   01      0      0      0      0
2015 10   24.7   10.7   17.2   72.5   39.5    34.1   05     4.8   01      5      0      0      0
2015 11   23.9   11.1   16.9   75.5   31.5    34.3   25     6.6   08      6      0      0      0
2015 12   29.2   13.2   20.6   30.6  100.8    42.8   19     6.5   02     10      0      0      0
------------------------------------------------------------------------------------------------
          20.2    9.9   14.6 1688.7  325.1    42.8  Dec     0.9  Jul     38      0      0      0


                  PRECIPITATION (mm)

                  MAX         ---DAYS OF RAIN---
                  OBS.               OVER
 YR  MO  TOTAL    DAY  DATE   0.30   3.00  30.00
------------------------------------------------
2015 01   31.8   23.4    09      6      2      0
2015 02  233.4  231.4    02      3      1      1
2015 03    2.3    1.3    24      2      0      0
2015 04   38.4   15.0    19      5      4      0
2015 05    5.3    4.3    05      2      1      0
2015 06    0.0    0.0   N/A      0      0      0
2015 07    0.0    0.0   N/A      0      0      0
2015 08    0.0    0.0   N/A      0      0      0
2015 09    0.0    0.0   N/A      0      0      0
2015 10    0.0    0.0   N/A      0      0      0
2015 11    0.0    0.0   N/A      0      0      0
2015 12    0.0    0.0   N/A      0      0      0
------------------------------------------------
         311.2  231.4   Feb     18      8      1


           WIND SPEED (m/s)

                                DOM
 YR  MO    AVG     HI   DATE    DIR
-----------------------------------
2015 01    2.8   14.4     03    192 
2015 02    2.2   20.9     28    162 
2015 03    2.8   16.8     26    243 
2015 04    2.1   12.2     02    209 
2015 05    3.6   13.8     06    273 
2015 06    N/A    N/A    N/A     90 
2015 07    N/A    N/A    N/A     90 
2015 08    N/A    N/A    N/A     90 
2015 09    N/A    N/A    N/A     90 
2015 10    N/A    N/A    N/A     90 
2015 11    N/A    N/A    N/A     90 
2015 12    N/A    N/A    N/A     90 
-----------------------------------
           2.6   20.9    Feb    221

