                     CLIMATOLOGICAL SUMMARY for year 2014


NAME: Rowsley, Victoria, AU                  
ELEV: 276 meter    LAT: 37-42.21 S    LONG: 144-22.31 E


                                       TEMPERATURE (°C)

                              HEAT    COOL                              MAX    MAX    MIN    MIN
          MEAN   MEAN         DEG     DEG                                >=     <=     <=     <=
 YR  MO   MAX    MIN    MEAN  DAYS    DAYS      HI  DAY     LOW  DAY     30      0      0    -20
------------------------------------------------------------------------------------------------
2014 01
2014 02   22.4   11.2   16.9   37.0    5.4    34.4   25     0.4   16      1      0      0      0
2014 03   25.4   13.3   18.5   34.0   38.3    34.9   04     9.3   24      8      0      0      0
2014 04   19.7   11.1   15.0  108.7    9.6    33.9   01     4.7   25      1      0      0      0
2014 05   18.2    9.5   13.4  152.1    0.7    24.2   19     3.1   08      0      0      0      0
2014 06   14.6    7.5   10.6  231.8    0.0    17.7   13     3.9   09      0      0      0      0
2014 07   12.8    6.3    9.3  280.5    0.0    16.6   30     2.4   23      0      0      0      0
2014 08   13.7    6.1    9.5  275.1    0.0    20.1   31     1.0   03      0      0      0      0
2014 09   18.2    7.2   12.1  187.5    1.8    28.9   28     3.0   04      0      0      0      0
2014 10   22.4    9.1   15.0  118.7   14.0    34.0   22     4.5   01      3      0      0      0
2014 11   24.9   10.3   16.9   78.8   34.9    36.0   08     4.4   03      8      0      0      0
2014 12   24.8   12.3   18.1   41.1   32.6    33.3   21     8.1   26      5      0      0      0
------------------------------------------------------------------------------------------------
          19.6    9.3   13.9 1545.4  137.3    36.0  Nov     0.4  Feb     26      0      0      0


                  PRECIPITATION (mm)

                  MAX         ---DAYS OF RAIN---
                  OBS.               OVER
 YR  MO  TOTAL    DAY  DATE   0.30   3.00  30.00
------------------------------------------------
2014 01
2014 02    4.3    4.3    19      1      1      0
2014 03   17.3    8.6    11      3      3      0
2014 04   17.3    8.6    14      3      3      0
2014 05   13.0    4.3    06      3      3      0
2014 06   81.5   30.7    11     10      6      1
2014 07   29.7    9.9    13      7      3      0
2014 08  144.0   48.8    26     10      6      2
2014 09   72.9   53.1    04      8      5      1
2014 10   24.4    9.4    27      6      2      0
2014 11   41.1   17.8    16      5      5      0
2014 12  264.9  198.6    26      9      5      1
------------------------------------------------
         710.4  198.6   Dec     65     42      5


           WIND SPEED (m/s)

                                DOM
 YR  MO    AVG     HI   DATE    DIR
-----------------------------------
2014 01
2014 02    0.8   11.9     20    145 
2014 03    2.5   14.5     15    222 
2014 04    2.7   13.3     28     19 
2014 05    2.7   13.7     22    314 
2014 06    3.2   22.5     24    295 
2014 07    3.4   19.0     31    288 
2014 08    2.4   16.6     01    258 
2014 09    2.8   15.9     30    273 
2014 10    3.0   15.7     27    253 
2014 11    2.8   14.4     01    232 
2014 12    2.8   16.7     16    204 
-----------------------------------
           2.8   22.5    Jun    276

